Parsing new Labeled Folder
Parsing new Labeled Folder
Parsing new Labeled Folder
Parsing new Labeled Folder
Parsing new Labeled Folder
Parsing new Labeled Folder
Total number of documents: 18
Total number of words: 31
Documents Parsed!
Calculating word weights
Word weights finished
Size of P: 12
Finished topN
Top features selected
Lambda: [0.16666666666666666, 0.16666666666666666, 0.16666666666666666, 0.16666666666666666, 0.16666666666666666, 0.16666666666666674]
Log-Likelihood:-368.5585839599057


Iteration #0:
Lambda: [0.16666666666666666, 0.16666666666666666, 0.16666666666666666, 0.16666666666666666, 0.16666666666666666, 0.16666666666666674]
Beta: [[0.0047554245760636805, 0.3687035415547739, 6.554412688214686E-12, 1.3678316761796902E-6, 2.6797789014149685E-5, 0.005619277097691381, 0.0015234135526440956, 0.046062278221347674, 5.579055626656002E-4, 1.0529459646359248E-17, 0.1068153288276719, 0.46593466497989694], [2.4913609967495193E-14, 0.0400303635309677, 0.16500637982055433, 0.03547989672612219, 0.004381378658825304, 0.008013256570343996, 1.8427020297889265E-9, 6.354135207258501E-10, 4.597648111616694E-14, 0.3047723509542088, 0.44140799312671264, 9.083781340786907E-4], [0.1694210538779656, 2.1667831299216492E-11, 1.3772801733032358E-4, 0.014254014364380044, 0.011574873708154689, 0.5661338083605205, 0.23832071446265987, 3.073820937621869E-8, 1.0152913028261797E-8, 5.18356570494446E-10, 1.4934953856346169E-4, 8.416239278630059E-6], [1.9619294338574923E-7, 3.54188751237077E-9, 0.004586016010025658, 3.616361038250864E-5, 0.014449187863975319, 2.5034918398048273E-4, 5.727476780271564E-10, 1.424509556868787E-12, 0.020848147772251423, 0.6265731975597393, 0.16006309012191547, 0.1731936475687267], [0.0077734846350630115, 0.04478814118868673, 0.8491919601630534, 0.035535721909836206, 0.001236863718258646, 0.005162813876716552, 1.408982183459546E-4, 8.969890577885947E-8, 7.341936114049613E-4, 1.3943498835206142E-8, 0.01106546091672358, 0.044370358119506285], [0.122057621694108, 6.557507137083379E-23, 0.6141393291539259, 6.828166833587725E-4, 8.553022625160113E-6, 0.02223014622097572, 0.031016519036483604, 2.333956252142132E-12, 4.218928260492652E-5, 0.20184192612631197, 3.3629660330711602E-9, 0.007980895414305961]]
Log-Likelihood:-368.5585839599057


Iteration #1:
Lambda: [0.2880360234451296, 0.04529870596648946, 0.16666659294079847, 0.16666664386144428, 0.16666532679226298, 0.16666670712611664]
Beta: [[0.016585800122989068, 0.12528822632246417, 0.016585800122989068, 0.01658580012298957, 0.2653728019678251, 0.016585800123005437, 0.01658580012302181, 0.3151302023367923, 0.016585800122989068, 0.016585800122989068, 0.16152236838895587, 0.016585800122989446], [0.05647280903280604, 0.19460831449902408, 0.05647280903280604, 0.05647858742432159, 0.05647280903280604, 0.05647280903280604, 0.05647280903280604, 0.05647280903280604, 0.05647280903280604, 0.05647280903280604, 0.2406534829877634, 0.0564771428264427], [0.033333342180439283, 0.033333342180439283, 0.033333342180439283, 0.03333334218050995, 0.033333342180439283, 0.2333333067919743, 0.4333332714035093, 0.033333342180439283, 0.033333342180439283, 0.033333342180439283, 0.033333342180439283, 0.03333334218049228], [0.03703703985197179, 0.03703703985197179, 0.03703703985197179, 0.03703703988032208, 0.03703703985197179, 0.03703703985197179, 0.03703703985197179, 0.03703703985197179, 0.25925924854266197, 0.370370352888007, 0.03703703985197179, 0.037037039873234506], [0.030303365589608756, 0.03030322261467677, 0.030303334926993, 0.39393826028580575, 0.030303181613914206, 0.030303181613914206, 0.030303181613914213, 0.030303181613914206, 0.030303181613914206, 0.030303181613914206, 0.030303236281597624, 0.30302949061783285], [0.4222220976095234, 0.022222222764440153, 0.3555554518020095, 0.022222222975982357, 0.022222222764440153, 0.02222228174515961, 0.022222340725879065, 0.022222222764440153, 0.022222241017123556, 0.02222225014346526, 0.022222222764440153, 0.022222222923096807]]
Log-Likelihood:-121.72277173643765


Iteration #2:
Lambda: [0.20935477823783477, 0.12398408207004942, 0.16666845982419234, 0.16665743422595986, 0.16666825404657115, 0.16666699164214516]
Beta: [[0.019849659408681535, 0.06560614451723744, 0.01984965940868145, 0.019849659620772446, 0.31759454986204366, 0.019849661640591248, 0.01984966387250146, 0.3771435279527162, 0.019849735053310495, 0.019849772875625227, 0.08085830622008959, 0.019849659567749593], [0.03620341159033347, 0.2785737019003051, 0.03620341157325069, 0.03620373445396953, 0.036203412722336015, 0.03620440902693435, 0.036205406566031904, 0.03620341296923586, 0.036213341009849576, 0.03621830577085596, 0.3593637987044612, 0.03620365371243634], [0.03333314122103416, 0.03333465990648859, 0.03333314122085882, 0.03333316851259134, 0.03333314123265322, 0.23333070421733548, 0.4333282672146888, 0.03333314123518745, 0.03333555120975606, 0.03333675620464302, 0.03333516613532408, 0.033333161689439034], [0.037038083057041926, 0.0370416111654844, 0.03703808305642108, 0.03703814645770393, 0.03703808309818294, 0.037038381848157796, 0.03703868064299875, 0.037038083107156165, 0.25925158851361224, 0.37035834124375994, 0.03704278720287358, 0.037038130606607156], [0.030302888975711616, 0.03030359748067232, 0.030302888975655737, 0.39393720788954745, 0.030302888979413953, 0.030302962311331883, 0.030303035647287403, 0.03030288898022147, 0.030304249375095002, 0.03030492957495431, 0.030303833649104307, 0.3030286281610047], [0.4222219291282533, 0.02222226605324671, 0.3555553087395817, 0.02222220786114335, 0.022222206796321517, 0.02222221516054767, 0.022222223524871482, 0.022222206796341053, 0.022222418374921647, 0.02222252416427054, 0.022222285805587664, 0.022222207594913477]]
Log-Likelihood:-106.57971569118517


Iteration #3:
Lambda: [0.1666762840694149, 0.1666595641862404, 0.16666826222371406, 0.16666100065779077, 0.16666794486654396, 0.16666694400331336]
Beta: [[0.02222162724047992, 0.0222329326149406, 0.022221627240479432, 0.022221627847352217, 0.35554603584763167, 0.022221632577048827, 0.02222163791362067, 0.42221091756906265, 0.022221778400357595, 0.022221853980297895, 0.02223670107309514, 0.022221627695633406], [0.030303929303415147, 0.30302370533533524, 0.030303929303120977, 0.03030396220990122, 0.03030392930570439, 0.03030408799776566, 0.03030424669388121, 0.03030392930651524, 0.030306397546313635, 0.030307631668645394, 0.39393029734656365, 0.03030395398283844], [0.033333181266875796, 0.033333232424921505, 0.033333181266700464, 0.03333320855782251, 0.033333181268240225, 0.23333172410069547, 0.43333026693556714, 0.033333181268723505, 0.033335592932235335, 0.0333367987654411, 0.033333249477954074, 0.03333320173482283], [0.03703772691537354, 0.03703784582958215, 0.03703772691475254, 0.03703779032524756, 0.03703772692020619, 0.037038025779938394, 0.03703832464822925, 0.03703772692191791, 0.25925612370393397, 0.37036532210007717, 0.0370378854688937, 0.03703777447184755], [0.030302924769241537, 0.03030294863077227, 0.03030292476918567, 0.39393791011524565, 0.03030292476967629, 0.03030299810823543, 0.030303071447564514, 0.03030292476983028, 0.030304285856525278, 0.030304966400334747, 0.030302956584727578, 0.3030291637786608], [0.42222198547457773, 0.02222221175731602, 0.3555553561891181, 0.022222210826738698, 0.02222220976183851, 0.022222218126442716, 0.022222226491065554, 0.022222209761842235, 0.022222421403592374, 0.022222527224478626, 0.0222222124224814, 0.022222210560508993]]
Log-Likelihood:-100.79175025797636


Iteration #4:
Lambda: [0.1666669429545941, 0.1666679453940906, 0.1666683194304529, 0.1666619042944127, 0.16666794495177836, 0.16666694297753562]
Beta: [[0.022222209826131153, 0.022222210628239727, 0.022222209826129803, 0.02222221089089549, 0.35555535721796877, 0.022222218189678143, 0.022222226553233238, 0.42222198669633787, 0.022222421425653237, 0.022222527225418332, 0.022222210895611955, 0.022222210624702376], [0.030302924718694082, 0.30302917792058, 0.030302924718638203, 0.030302937452656876, 0.030302924718638262, 0.03030299806916187, 0.03030307141996496, 0.030302924718694165, 0.030304286146032606, 0.03030496685986952, 0.3939379289879871, 0.03030293426908235], [0.03333317473903478, 0.03333319521078531, 0.033333174738859446, 0.03333320202988607, 0.03333317473885965, 0.23333176775819467, 0.4333303607784066, 0.03333317473903502, 0.033335586157586666, 0.0333367918673886, 0.03333320203505282, 0.03333319520691024], [0.03703761711390315, 0.03703766467695469, 0.03703761711328221, 0.03703768052001106, 0.03703761711328293, 0.037037915959100276, 0.037038214808023086, 0.03703761711390402, 0.25925660757461094, 0.37036610280682764, 0.03703768053254711, 0.037037664667552664], [0.03030292475511703, 0.03030293430550197, 0.03030292475506116, 0.39393792948313155, 0.030302924755061224, 0.0303029980926195, 0.030303071430457178, 0.030302924755117103, 0.030304285702081928, 0.030304966175731977, 0.030302937489075355, 0.3030291783010441], [0.4222219866776814, 0.022222210623967783, 0.355555357202258, 0.02222221089004943, 0.022222209825147887, 0.022222218189554423, 0.02222222655396772, 0.02222220982514924, 0.022222421444291724, 0.02222252725386702, 0.022222210890243333, 0.02222221062382235]]
Log-Likelihood:-100.7904550889197

Cluster Assignments:
Document 0 assigned to cluster 2
Document 1 assigned to cluster 2
Document 2 assigned to cluster 2
Document 3 assigned to cluster 1
Document 4 assigned to cluster 1
Document 5 assigned to cluster 1
Document 6 assigned to cluster 0
Document 7 assigned to cluster 0
Document 8 assigned to cluster 0
Document 9 assigned to cluster 3
Document 10 assigned to cluster 3
Document 11 assigned to cluster 3
Document 12 assigned to cluster 4
Document 13 assigned to cluster 4
Document 14 assigned to cluster 4
Document 15 assigned to cluster 5
Document 16 assigned to cluster 5
Document 17 assigned to cluster 5
[0, 0, 3, 0, 0, 0, 3]
[0, 3, 0, 0, 0, 0, 3]
[3, 0, 0, 0, 0, 0, 3]
[0, 0, 0, 3, 0, 0, 3]
[0, 0, 0, 0, 3, 0, 3]
[0, 0, 0, 0, 0, 3, 3]
[3, 3, 3, 3, 3, 3, 18]
ARI: 1.0


Top 2 words for class 0:
robb, Bobb


Top 2 words for class 1:
you, freedom


Top 2 words for class 2:
apple, grape


Top 2 words for class 3:
Lary, cheese


Top 2 words for class 4:
youb, freedomb


Top 2 words for class 5:
rob, Bob
